0 540 220 380 280 315 540 41 17 85 1040 655 900 965 280 161 420 151 58 20 266 50 88 271 411 650 755 686 99 158 148 33 586 139 125 125 208 233 160 199 98 472 313 142 45 269 607 269 62 57 777 1176
540 0 320 920 820 855 5 500 555 625 1580 1195 1440 1505 820 700 121 390 485 535 276 495 455 810 950 1190 1295 1225 636 386 396 551 1125 676 661 661 746 771 696 736 452 81 851 676 532 806 1146 806 582 572 1316 1716
220 320 0 600 500 535 320 180 235 305 1260 875 1120 1185 500 380 200 72 166 216 48 176 136 490 630 870 975 905 316 70 80 232 806 356 342 342 426 451 377 417 135 253 532 357 214 487 826 487 264 254 996 1396
380 920 600 0 100 65 920 420 365 295 660 275 520 585 101 220 800 530 435 385 645 425 465 112 37 271 376 306 286 536 526 371 207 247 262 262 178 154 228 188 471 851 80 248 392 122 229 123 343 353 398 796
280 820 500 100 0 35 820 320 265 195 760 375 620 685 10 121 700 430 335 285 545 325 365 21 132 371 476 406 187 436 426 271 306 148 163 163 82 60 130 92 372 751 48 150 293 44 328 46 244 254 497 896
315 855 535 65 35 0 855 355 300 230 725 340 585 650 36 155 735 465 370 320 580 360 400 48 97 336 441 371 221 471 461 306 271 182 197 197 114 91 163 125 407 786 37 184 327 64 293 65 278 288 462 861
540 5 320 920 820 855 0 500 555 625 1580 1195 1440 1505 820 700 120 390 485 535 275 495 455 810 950 1190 1295 1225 635 386 396 551 1125 676 661 661 746 771 696 736 451 78 851 676 531 806 1146 806 582 572 1316 1716
41 500 180 420 320 355 500 0 55 125 1080 695 940 1005 320 200 380 110 19 37 225 15 47 310 450 690 795 725 137 117 107 55 625 177 162 162 247 272 197 237 60 431 352 179 48 307 646 308 90 82 816 1216
17 555 235 365 265 300 555 55 0 70 1025 640 885 950 265 145 435 165 71 23 280 61 101 255 395 635 740 670 82 171 162 24 571 123 108 108 192 217 143 183 110 486 297 125 44 253 591 253 47 44 761 1161
85 625 305 295 195 230 625 125 70 0 955 570 815 880 195 75 505 235 140 91 350 131 170 186 325 565 670 600 21 241 231 78 501 55 43 44 123 148 76 114 178 556 227 60 101 184 521 184 60 68 691 1091
1040 1580 1260 660 760 725 1580 1080 1025 955 0 385 140 75 760 880 1460 1190 1095 1045 1305 1085 1125 770 630 390 285 355 945 1195 1185 1030 456 905 920 920 835 810 885 845 1130 1510 731 906 1051 776 436 776 1001 1011 268 141
655 1195 875 275 375 340 1195 695 640 570 385 0 245 310 375 495 1075 805 710 660 920 700 740 385 245 15 101 34 560 810 800 645 73 520 535 536 451 426 501 461 746 1125 346 521 666 391 61 392 616 626 126 522
900 1440 1120 520 620 585 1440 940 885 815 140 245 0 65 620 740 1320 1050 955 905 1165 945 985 630 490 250 146 216 805 1055 1045 890 316 765 780 780 695 670 745 706 990 1370 591 766 911 636 297 636 861 871 131 278
965 1505 1185 585 685 650 1505 1005 950 880 75 310 65 0 685 805 1385 1115 1020 970 1230 1010 1050 695 555 315 210 280 870 1120 1110 955 380 830 845 845 760 735 810 770 1055 1435 656 831 975 701 362 701 926 936 194 213
280 820 500 101 10 36 820 320 265 195 760 375 620 685 0 120 700 430 335 285 545 325 365 13 130 370 475 405 186 435 425 271 306 146 161 161 78 55 127 89 371 750 41 148 292 34 327 36 242 252 496 896
161 700 380 220 121 155 700 200 145 75 880 495 740 805 120 0 580 310 215 165 425 205 245 110 250 490 595 525 66 315 305 151 425 31 44 45 50 73 24 42 251 631 152 38 172 109 446 110 124 134 616 1016
420 121 200 800 700 735 120 380 435 505 1460 1075 1320 1385 700 580 0 270 365 415 155 375 335 690 830 1070 1175 1105 515 265 275 430 1005 555 540 540 625 650 575 615 331 56 730 556 411 686 1025 686 461 451 1195 1595
151 390 72 530 430 465 390 110 165 235 1190 805 1050 1115 430 310 270 0 95 145 115 105 65 420 560 800 905 835 245 13 14 161 735 285 271 271 356 381 306 346 64 321 461 286 143 416 756 416 193 183 926 1325
58 485 166 435 335 370 485 19 71 140 1095 710 955 1020 335 215 365 95 0 50 210 10 30 325 465 705 810 740 150 101 91 66 640 191 176 176 261 286 211 251 41 416 366 192 52 321 661 321 100 90 831 1230
20 535 216 385 285 320 535 37 23 91 1045 660 905 970 285 165 415 145 50 0 260 40 80 275 415 655 760 690 100 150 140 19 590 141 126 126 211 236 161 201 88 466 316 142 25 271 611 271 54 46 781 1180
266 276 48 645 545 580 275 225 280 350 1305 920 1165 1230 545 425 155 115 210 260 0 220 180 535 675 915 1020 950 360 110 120 275 850 400 385 385 470 495 420 460 176 206 575 401 256 531 870 531 306 296 1040 1440
50 495 176 425 325 360 495 15 61 131 1085 700 945 1010 325 205 375 105 10 40 220 0 40 315 455 695 800 730 140 110 100 56 630 180 166 166 250 275 201 241 49 425 356 181 42 311 650 311 89 80 821 1220
88 455 136 465 365 400 455 47 101 170 1125 740 985 1050 365 245 335 65 30 80 180 40 0 355 495 735 840 770 180 70 61 95 670 220 205 205 290 315 241 281 19 385 396 221 78 351 690 351 128 118 860 1260
271 810 490 112 21 48 810 310 255 186 770 385 630 695 13 110 690 420 325 275 535 315 355 0 140 380 485 415 175 425 415 260 315 135 150 150 66 42 116 77 360 740 44 136 281 23 336 25 231 241 506 905
411 950 630 37 132 97 950 450 395 325 630 245 490 555 130 250 830 560 465 415 675 455 495 140 0 240 345 275 315 565 555 400 175 275 290 290 205 180 255 216 500 880 102 276 420 147 196 147 371 381 366 765
650 1190 870 271 371 336 1190 690 635 565 390 15 250 315 370 490 1070 800 705 655 915 695 735 380 240 0 105 35 555 805 795 640 65 515 530 530 445 420 495 455 740 1120 340 515 660 386 50 386 610 620 127 526
755 1295 975 376 476 441 1295 795 740 670 285 101 146 210 475 595 1175 905 810 760 1020 800 840 485 345 105 0 70 660 910 900 745 170 620 635 635 550 525 600 560 845 1225 445 620 765 490 151 490 715 725 31 421
686 1225 905 306 406 371 1225 725 670 600 355 34 216 280 405 525 1105 835 740 690 950 730 770 415 275 35 70 0 590 840 830 675 100 550 565 565 480 455 530 490 775 1155 375 550 695 420 82 420 645 655 93 491
99 636 316 286 187 221 635 137 82 21 945 560 805 870 186 66 515 245 150 100 360 140 180 175 315 555 660 590 0 250 240 85 490 40 26 26 110 135 61 101 185 565 215 43 106 171 510 171 59 68 680 1080
158 386 70 536 436 471 386 117 171 241 1195 810 1055 1120 435 315 265 13 101 150 110 110 70 425 565 805 910 840 250 0 10 165 740 290 275 275 360 385 310 350 66 315 465 290 146 420 760 420 196 186 930 1330
148 396 80 526 426 461 396 107 162 231 1185 800 1045 1110 425 305 275 14 91 140 120 100 61 415 555 795 900 830 240 10 0 155 730 280 265 265 350 375 300 340 56 325 455 280 136 410 750 410 186 176 920 1320
33 551 232 371 271 306 551 55 24 78 1030 645 890 955 271 151 430 161 66 19 275 56 95 260 400 640 745 675 85 165 155 0 575 125 110 110 195 220 145 185 100 480 300 126 24 255 595 256 34 27 765 1165
586 1125 806 207 306 271 1125 625 571 501 456 73 316 380 306 425 1005 735 640 590 850 630 670 315 175 65 170 100 490 740 730 575 0 450 465 465 380 355 430 390 675 1055 275 450 595 320 24 320 545 555 191 590
139 676 356 247 148 182 676 177 123 55 905 520 765 830 146 31 555 285 191 141 400 180 220 135 275 515 620 550 40 290 280 125 450 0 15 15 70 95 21 60 225 605 175 10 145 131 470 131 96 106 640 1040
125 661 342 262 163 197 661 162 108 43 920 535 780 845 161 44 540 271 176 126 385 166 205 150 290 530 635 565 26 275 265 110 465 15 0 1 85 110 35 75 210 590 190 17 130 145 485 146 81 91 655 1055
125 661 342 262 163 197 661 162 108 44 920 536 780 845 161 45 540 271 176 126 385 166 205 150 290 530 635 565 26 275 265 110 465 15 1 0 85 110 35 75 210 590 190 17 130 145 485 145 81 91 655 1055
208 746 426 178 82 114 746 247 192 123 835 451 695 760 78 50 625 356 261 211 470 250 290 66 205 445 550 480 110 360 350 195 380 70 85 85 0 25 50 10 295 675 105 70 215 61 400 61 165 175 570 970
233 771 451 154 60 91 771 272 217 148 810 426 670 735 55 73 650 381 286 236 495 275 315 42 180 420 525 455 135 385 375 220 355 95 110 110 25 0 75 35 320 700 80 95 240 36 375 36 190 200 545 945
160 696 377 228 130 163 696 197 143 76 885 501 745 810 127 24 575 306 211 161 420 201 241 116 255 495 600 530 61 310 300 145 430 21 35 35 50 75 0 40 245 625 155 21 165 110 450 110 115 125 620 1020
199 736 417 188 92 125 736 237 183 114 845 461 706 770 89 42 615 346 251 201 460 241 281 77 216 455 560 490 101 350 340 185 390 60 75 75 10 35 40 0 285 665 115 60 205 70 410 70 155 165 580 980
98 452 135 471 372 407 451 60 110 178 1130 746 990 1055 371 251 331 64 41 88 176 49 19 360 500 740 845 775 185 66 56 100 675 225 210 210 295 320 245 285 0 380 400 225 80 355 695 355 130 120 865 1265
472 81 253 851 751 786 78 431 486 556 1510 1125 1370 1435 750 631 56 321 416 466 206 425 385 740 880 1120 1225 1155 565 315 325 480 1055 605 590 590 675 700 625 665 380 0 780 605 460 735 1075 735 510 500 1245 1645
313 851 532 80 48 37 851 352 297 227 731 346 591 656 41 152 730 461 366 316 575 356 396 44 102 340 445 375 215 465 455 300 275 175 190 190 105 80 155 115 400 780 0 175 320 45 295 45 270 280 465 865
142 676 357 248 150 184 676 179 125 60 906 521 766 831 148 38 556 286 192 142 401 181 221 136 276 515 620 550 43 290 280 126 450 10 17 17 70 95 21 60 225 605 175 0 145 130 470 130 95 105 640 1040
45 532 214 392 293 327 531 48 44 101 1051 666 911 975 292 172 411 143 52 25 256 42 78 281 420 660 765 695 106 146 136 24 595 145 130 130 215 240 165 205 80 460 320 145 0 275 615 275 50 40 785 1185
269 806 487 122 44 64 806 307 253 184 776 391 636 701 34 109 686 416 321 271 531 311 351 23 147 386 490 420 171 420 410 255 320 131 145 145 61 36 110 70 355 735 45 130 275 0 340 2 225 235 510 910
607 1146 826 229 328 293 1146 646 591 521 436 61 297 362 327 446 1025 756 661 611 870 650 690 336 196 50 151 82 510 760 750 595 24 470 485 485 400 375 450 410 695 1075 295 470 615 340 0 340 565 575 170 570
269 806 487 123 46 65 806 308 253 184 776 392 636 701 36 110 686 416 321 271 531 311 351 25 147 386 490 420 171 420 410 256 320 131 146 145 61 36 110 70 355 735 45 130 275 2 340 0 225 235 510 910
62 582 264 343 244 278 582 90 47 60 1001 616 861 926 242 124 461 193 100 54 306 89 128 231 371 610 715 645 59 196 186 34 545 96 81 81 165 190 115 155 130 510 270 95 50 225 565 225 0 10 735 1135
57 572 254 353 254 288 572 82 44 68 1011 626 871 936 252 134 451 183 90 46 296 80 118 241 381 620 725 655 68 186 176 27 555 106 91 91 175 200 125 165 120 500 280 105 40 235 575 235 10 0 745 1145
777 1316 996 398 497 462 1316 816 761 691 268 126 131 194 496 616 1195 926 831 781 1040 821 860 506 366 127 31 93 680 930 920 765 191 640 655 655 570 545 620 580 865 1245 465 640 785 510 170 510 735 745 0 400
1176 1716 1396 796 896 861 1716 1216 1161 1091 141 522 278 213 896 1016 1595 1325 1230 1180 1440 1220 1260 905 765 526 421 491 1080 1330 1320 1165 590 1040 1055 1055 970 945 1020 980 1265 1645 865 1040 1185 910 570 910 1135 1145 400 0
